0.00834035873413086
0.008754253387451172
0.006703615188598633
0.005381107330322266
0.00795888900756836
0.006207942962646484
0.008907318115234375
0.008754491806030273
0.00668644905090332
0.008700132369995117
0.00894021987915039
0.009150505065917969
0.007090091705322266
0.005437135696411133
0.008574724197387695
0.008606195449829102
0.008858919143676758
0.00799417495727539
0.008002996444702148
0.009484291076660156
0.008291482925415039
0.007578372955322266
0.004907131195068359
0.007064104080200195
0.006788015365600586
0.0056078433990478516
0.0060939788818359375
0.008926630020141602
0.008551836013793945
0.008705854415893555
0.00876760482788086
0.008698701858520508
0.008985042572021484
0.008792877197265625
0.00906229019165039
0.00818014144897461
0.008196115493774414
0.009027957916259766
0.009198904037475586
0.008460521697998047
0.008916616439819336
0.006056308746337891
0.008982658386230469
0.009671688079833984
0.007551431655883789
0.009288787841796875
0.0069065093994140625
0.008566141128540039
0.008523941040039062
0.008164405822753906
0.006918430328369141
0.008550643920898438
0.0077972412109375
0.008405923843383789
0.008644819259643555
0.007985115051269531
0.008665323257446289
0.007504940032958984
0.005021095275878906
0.00856637954711914
0.006855010986328125
0.007675647735595703
0.009396076202392578
0.009207725524902344
0.007487058639526367
0.008932828903198242
0.008579015731811523
0.008832454681396484
0.008481740951538086
0.007047414779663086
0.008632659912109375
0.009206533432006836
0.008179664611816406
0.007723093032836914
0.009322166442871094
0.009756088256835938
0.008253812789916992
0.010712862014770508
0.008745431900024414
0.005208253860473633
0.008757591247558594
0.008607864379882812
0.008091926574707031
0.008822202682495117
0.006546497344970703
0.008201360702514648
0.007552623748779297
0.008697271347045898
0.006627559661865234
0.008569478988647461
0.007883548736572266
0.00784921646118164
0.009168386459350586
0.008702754974365234
0.009491682052612305
0.008652925491333008
0.008655548095703125
0.006777286529541016
0.008116960525512695
0.008923768997192383
0.00911569595336914
0.008604288101196289
0.006928205490112305
0.008751630783081055
0.00876474380493164
0.008662700653076172
0.006819963455200195
0.006138801574707031
0.006700038909912109
0.00696253776550293
0.007992029190063477
0.009032487869262695
0.008812665939331055
0.007383108139038086
0.008006095886230469
0.006093740463256836
0.008272171020507812
0.0051763057708740234
0.009747982025146484
0.008714437484741211
0.00693058967590332
0.005859851837158203
0.006316423416137695
0.008670568466186523
0.006173372268676758
0.009016990661621094
0.009081840515136719
0.005900859832763672
0.009134054183959961
0.008592367172241211
0.009644746780395508
0.008656978607177734
0.00879216194152832
0.008715391159057617
0.008894920349121094
0.008522748947143555
0.00842905044555664
0.00411534309387207
0.006458759307861328
0.006228446960449219
0.00663304328918457
0.00856781005859375
0.00867319107055664
0.008855104446411133
0.0073091983795166016
0.009439229965209961
0.005006074905395508
0.00789332389831543
0.006089687347412109
0.006735086441040039
0.005380868911743164
0.009726285934448242
0.008952140808105469
0.008768558502197266
0.007932662963867188
0.005997657775878906
0.008594989776611328
0.009011268615722656
0.00877070426940918
0.010001420974731445
0.0067195892333984375
0.009570121765136719
0.007716178894042969
0.00712132453918457
0.0062673091888427734
0.00992727279663086
0.008747100830078125
0.008045196533203125
0.0065577030181884766
0.006816387176513672
0.007900238037109375
0.006760835647583008
0.008936405181884766
0.005736112594604492
0.008689403533935547
0.009663820266723633
0.008171558380126953
0.008761882781982422
0.007204294204711914
0.005721569061279297
0.007724761962890625
0.00842905044555664
0.008443832397460938
0.009218692779541016
0.010196924209594727
0.0070340633392333984
0.008997440338134766
0.0068624019622802734
0.008946657180786133
0.006200551986694336
0.006348848342895508
0.009204864501953125
0.006803035736083984
0.008831977844238281
0.007138967514038086
0.008793354034423828
0.0076601505279541016
0.006535768508911133
0.008513450622558594
0.0071451663970947266
0.008586883544921875
0.008473634719848633
0.008239269256591797
0.008059024810791016
0.009350061416625977
0.008951425552368164
0.007628917694091797
0.006789684295654297
0.008458852767944336
0.006907224655151367
0.006069660186767578
0.004467487335205078
0.008414745330810547
0.009582996368408203
0.00876927375793457
0.011528253555297852
0.011089563369750977
0.00471806526184082
0.010130643844604492
0.00648951530456543
0.007601737976074219
0.0088043212890625
0.008771181106567383
0.008987903594970703
0.00593876838684082
0.008533477783203125
0.008598566055297852
0.008670568466186523
0.00860905647277832
0.01034402847290039
0.006258726119995117
0.00869607925415039
0.008709907531738281
0.008709907531738281
0.0070209503173828125
0.006112337112426758
0.008225440979003906
0.00634002685546875
0.00880289077758789
0.011728048324584961
0.009791135787963867
0.008626461029052734
0.007351875305175781
0.00635075569152832
0.0068857669830322266
0.008826732635498047
0.004757404327392578
0.00868535041809082
0.008957386016845703
0.008304119110107422
0.008823871612548828
0.006461381912231445
0.005259037017822266
0.010643243789672852
0.0073091983795166016
0.006700277328491211
0.008161783218383789
0.010245800018310547
0.00859689712524414
0.005489826202392578
0.007832765579223633
0.007078886032104492
0.009140729904174805
0.008962392807006836
0.00899958610534668
0.005857944488525391
0.008790016174316406
0.00829625129699707
0.008230209350585938
0.009500503540039062
0.005959987640380859
0.007569313049316406
0.0062978267669677734
0.008452892303466797
0.005331277847290039
0.008896827697753906
0.0053369998931884766
0.008758544921875
0.006293773651123047
0.005059957504272461
0.006550312042236328
0.008878707885742188
0.008471012115478516
0.008922100067138672
0.009198665618896484
0.008571147918701172
0.006212711334228516
0.009082794189453125
0.008143186569213867
0.00867915153503418
0.009636878967285156
0.008838891983032227
0.007211208343505859
0.008899927139282227
0.007281303405761719
0.0073544979095458984
0.008915424346923828
0.008995771408081055
0.008459806442260742
0.007046937942504883
0.008876562118530273
0.009090900421142578
0.008771419525146484
0.0059854984283447266
0.006759166717529297
0.008651256561279297
0.008735895156860352
0.009047508239746094
0.00867605209350586
0.009214162826538086
0.009224653244018555
0.00913858413696289
0.008634090423583984
0.009946584701538086
0.009069442749023438
0.006561279296875
0.007347583770751953
0.010779380798339844
0.009717464447021484
0.0059125423431396484
0.009008646011352539
0.008928775787353516
0.006585597991943359
0.007230281829833984
0.0068967342376708984
0.008881092071533203
0.00897526741027832
0.006752967834472656
0.008419036865234375
0.00874781608581543
0.008977413177490234
0.008456945419311523
0.008774280548095703
0.00861501693725586
0.009737491607666016
0.008563995361328125
0.008403301239013672
0.006176471710205078
0.008984088897705078
0.008732318878173828
0.0061719417572021484
0.007318019866943359
0.00887918472290039
0.005866289138793945
0.008773326873779297
0.007754087448120117
0.00893545150756836
0.008891820907592773
0.00893545150756836
0.006743669509887695
0.004959821701049805
0.007157087326049805
0.008887767791748047
0.006582975387573242
0.008997440338134766
0.008608102798461914
0.008554220199584961
0.005942821502685547
0.006373882293701172
0.007411956787109375
0.006059169769287109
0.008608579635620117
0.008645057678222656
0.008858919143676758
0.006884574890136719
0.009015560150146484
0.00888371467590332
0.008186817169189453
0.00894308090209961
0.009987592697143555
0.009081602096557617
0.0065326690673828125
0.006627798080444336
0.007219791412353516
0.005850553512573242
0.008343696594238281
0.006819486618041992
0.008919715881347656
0.008913755416870117
0.006916046142578125
0.008611917495727539
0.005599498748779297
0.009710073471069336
0.006742000579833984
0.008718490600585938
0.008574962615966797
0.009088993072509766
0.00899195671081543
0.008763313293457031
0.009113311767578125
0.00895071029663086
0.008511543273925781
0.008531808853149414
0.008303403854370117
0.008562803268432617
0.009006977081298828
0.00860738754272461
0.006714344024658203
0.005624532699584961
0.007501840591430664
0.009049654006958008
0.008469343185424805
0.006998300552368164
0.011435747146606445
0.009827136993408203
0.01048898696899414
0.008903026580810547
0.006146907806396484
0.00871586799621582
0.009113550186157227
0.009133577346801758
0.00919198989868164
0.00909566879272461
0.008641719818115234
0.008870601654052734
0.006708860397338867
0.00868535041809082
0.008590936660766602
0.010689258575439453
0.009073019027709961
0.009016275405883789
0.0084381103515625
0.008594274520874023
0.006463050842285156
0.006617546081542969
0.004598140716552734
0.008393049240112305
0.008578062057495117
0.007462263107299805
0.008942842483520508
0.008970499038696289
0.00867772102355957
0.007364511489868164
0.00903773307800293
0.007817268371582031
0.0077664852142333984
0.008516311645507812
0.005840301513671875
0.008391857147216797
0.009025812149047852
0.0072040557861328125
0.006011247634887695
0.008628606796264648
0.009166240692138672
0.009125947952270508
0.006262779235839844
0.007020473480224609
0.009098052978515625
0.008923530578613281
0.008634328842163086
0.008604764938354492
0.0072824954986572266
0.009079694747924805
0.009073734283447266
0.00790715217590332
0.009068727493286133
0.008854866027832031
0.009175539016723633
0.008384227752685547
0.007538318634033203
0.0057070255279541016
0.010600805282592773
0.006224632263183594
0.008168220520019531
0.0069119930267333984
0.00875401496887207
0.008802175521850586
0.009103059768676758
0.007146120071411133
0.006066799163818359
0.008543014526367188
0.008116960525512695
0.009259223937988281
0.008685588836669922
0.008783817291259766
0.008564949035644531
0.008914947509765625
0.006378650665283203
0.008535385131835938
0.008689641952514648
0.010727643966674805
0.00863957405090332
0.009187936782836914
0.006234645843505859
0.009489297866821289
0.007090330123901367
0.008421897888183594
0.00914764404296875
0.008220434188842773
0.005866527557373047
0.009120941162109375
0.004724979400634766
0.009174823760986328
0.009173154830932617
0.008714437484741211
0.009126901626586914
0.009239673614501953
0.008921623229980469
0.007758378982543945
0.0067424774169921875
0.006554603576660156
0.004099607467651367
0.009126663208007812
0.008997917175292969
0.008707761764526367
0.009135246276855469
0.006819248199462891
0.009032726287841797
0.006349802017211914
0.009002685546875
0.006728649139404297
0.008563041687011719
0.008264780044555664
0.006661176681518555
0.008981466293334961
0.008543252944946289
0.00881505012512207
0.008547067642211914
0.008654594421386719
0.005206584930419922
0.008685111999511719
0.00809788703918457
0.00912928581237793
0.009273529052734375
0.004887819290161133
0.010788917541503906
0.0063250064849853516
0.008985519409179688
0.008543968200683594
0.007001161575317383
0.007941007614135742
0.008942604064941406
0.00832223892211914
0.008537530899047852
0.008496284484863281
0.006296634674072266
0.00942087173461914
0.008790731430053711
0.009031295776367188
0.008548736572265625
0.008141517639160156
0.008880138397216797
0.008706092834472656
0.008814573287963867
0.008539676666259766
0.006199836730957031
0.010604381561279297
0.009724855422973633
0.008800983428955078
0.006494998931884766
0.008756637573242188
0.007828235626220703
0.009230613708496094
0.008945941925048828
0.0059545040130615234
0.009080171585083008
0.008920431137084961
0.007880449295043945
0.00882101058959961
0.00848245620727539
0.008713722229003906
0.007760763168334961
0.009267330169677734
0.009137153625488281
0.007941246032714844
0.008767843246459961
0.008957386016845703
0.005906581878662109
0.008652925491333008
0.0048675537109375
0.009593486785888672
0.008341312408447266
0.007355928421020508
0.006979465484619141
0.006553173065185547
0.01081085205078125
0.008675336837768555
0.00895547866821289
0.010165929794311523
0.008419513702392578
0.005864143371582031
0.005425453186035156
0.009055614471435547
0.006712675094604492
0.007994890213012695
0.00700068473815918
0.007211923599243164
0.008631467819213867
0.009000301361083984
0.006891965866088867
0.009271383285522461
0.009021759033203125
0.009127140045166016
0.007250785827636719
0.008543729782104492
0.008790731430053711
0.009023427963256836
0.008570432662963867
0.006715059280395508
0.008521080017089844
0.008438587188720703
0.005237579345703125
0.0064754486083984375
0.008708715438842773
0.008530616760253906
0.009160757064819336
0.008688211441040039
0.008951902389526367
0.006978511810302734
0.007796287536621094
0.0065419673919677734
0.008560419082641602
0.0070149898529052734
0.008476972579956055
0.008653402328491211
0.00703740119934082
0.009222984313964844
0.008362531661987305
0.00798654556274414
0.008581161499023438
0.004363536834716797
0.005949497222900391
0.005201816558837891
0.0066983699798583984
0.008699417114257812
0.008691787719726562
0.008728981018066406
0.006465911865234375
0.006681680679321289
0.008215665817260742
0.008553504943847656
0.0090179443359375
0.008157491683959961
0.008589506149291992
0.006466388702392578
0.004362821578979492
0.008279085159301758
0.009019136428833008
0.007410287857055664
0.006838798522949219
0.009018421173095703
0.009046792984008789
0.008906364440917969
0.008096456527709961
0.008780717849731445
0.005026340484619141
0.008334875106811523
0.008928775787353516
0.008726358413696289
0.006961822509765625
0.008311033248901367
0.006773471832275391
0.00878143310546875
0.007113933563232422
0.00824880599975586
0.007015705108642578
0.008616209030151367
0.008379697799682617
0.008681535720825195
0.008654356002807617
0.006997585296630859
0.008774280548095703
0.00920557975769043
0.007959842681884766
0.008904218673706055
0.010895490646362305
0.0056226253509521484
0.008752584457397461
0.008459091186523438
0.008280515670776367
0.008133172988891602
0.008451223373413086
0.008008718490600586
0.008649110794067383
0.008122682571411133
0.008739233016967773
0.008334159851074219
0.0062408447265625
0.008712530136108398
0.008717536926269531
0.009053707122802734
0.008721113204956055
0.008626937866210938
0.009232521057128906
0.0062084197998046875
0.008729219436645508
0.0045130252838134766
0.0044934749603271484
0.008569955825805664
0.008167028427124023
0.008798360824584961
0.010613441467285156
0.008157014846801758
0.007065773010253906
0.009067058563232422
0.0063457489013671875
0.006459236145019531
0.008017778396606445
0.00692296028137207
0.008713722229003906
0.008978128433227539
0.00822758674621582
0.008389949798583984
0.008669137954711914
0.008972883224487305
0.008783578872680664
0.008242607116699219
0.006701946258544922
0.008900165557861328
0.008709430694580078
0.009044647216796875
0.007905721664428711
0.008603096008300781
0.009710311889648438
0.006025791168212891
0.009126663208007812
0.009158134460449219
0.00881505012512207
0.006049394607543945
0.007092952728271484
0.009247064590454102
0.009244441986083984
0.007155656814575195
0.007233381271362305
0.007952451705932617
0.006673097610473633
0.006983518600463867
0.008316278457641602
0.006828784942626953
0.009055137634277344
0.0044672489166259766
0.006494998931884766
0.009167909622192383
0.007437705993652344
0.008669137954711914
0.007409095764160156
0.0066699981689453125
0.006465911865234375
0.01100015640258789
0.005938291549682617
0.008054494857788086
0.006399631500244141
0.006293058395385742
0.008666753768920898
0.008956193923950195
0.008877754211425781
0.009057044982910156
0.006768465042114258
0.011815071105957031
0.006502866744995117
0.008191347122192383
0.008504867553710938
0.008612632751464844
0.008689165115356445
0.00866556167602539
0.009268522262573242
0.008792877197265625
0.008728265762329102
0.00744318962097168
0.005166292190551758
0.007035017013549805
0.008479833602905273
0.009047269821166992
0.008684873580932617
0.009168148040771484
0.007760047912597656
0.008929252624511719
0.009814977645874023
0.008787870407104492
0.009008407592773438
0.006923198699951172
0.006642818450927734
0.008784770965576172
0.008641719818115234
0.008550167083740234
0.009081363677978516
0.01009821891784668
0.007050037384033203
0.008494138717651367
0.008457183837890625
0.009019136428833008
0.008949995040893555
0.008820772171020508
0.006075859069824219
0.009154558181762695
0.008832693099975586
0.005808353424072266
0.0046710968017578125
0.008741140365600586
0.008835554122924805
0.008817195892333984
0.007455348968505859
0.008336305618286133
0.008888483047485352
0.009191274642944336
0.010356903076171875
0.006255149841308594
0.005806922912597656
0.008140087127685547
0.008625268936157227
0.009085655212402344
0.008987188339233398
0.008074522018432617
0.008891582489013672
0.009096860885620117
0.008590221405029297
0.00685429573059082
0.009076118469238281
0.008265256881713867
0.007835865020751953
0.009052753448486328
0.009073972702026367
0.0069293975830078125
0.009100914001464844
0.008551836013793945
0.005362272262573242
0.006035804748535156
0.00868082046508789
0.006014108657836914
0.007954597473144531
0.008952856063842773
0.00860738754272461
0.008783340454101562
0.008656501770019531
0.006112098693847656
0.010941267013549805
0.008798599243164062
0.008705377578735352
0.008608818054199219
0.008662939071655273
0.006708383560180664
0.009137630462646484
0.0073163509368896484
0.003981590270996094
0.009087085723876953
0.009129524230957031
0.008335113525390625
0.008948564529418945
0.008791208267211914
0.008613109588623047
0.008941173553466797
0.008708000183105469
0.009528875350952148
0.008548736572265625
0.006142139434814453
0.007221698760986328
0.006450653076171875
0.009883880615234375
0.008711814880371094
0.008943796157836914
0.008766889572143555
0.009366035461425781
0.008419036865234375
0.008839845657348633
0.009239673614501953
0.00863194465637207
0.008687734603881836
0.008277416229248047
0.00835561752319336
0.008786439895629883
0.007050991058349609
0.004224538803100586
0.008515596389770508
0.009531497955322266
0.008847713470458984
0.006670236587524414
0.008783102035522461
0.010568857192993164
0.007914066314697266
0.00897073745727539
0.007466793060302734
0.008600473403930664
0.009108543395996094
0.008786916732788086
0.008762836456298828
0.008979082107543945
0.008980035781860352
0.009037017822265625
0.008254051208496094
0.009906291961669922
0.008746623992919922
0.008552312850952148
0.008141279220581055
0.006945371627807617
0.009017229080200195
0.008827686309814453
0.007873296737670898
0.005727052688598633
0.007649898529052734
0.007056474685668945
0.007649660110473633
0.008874893188476562
0.008630037307739258
0.007800579071044922
0.008588075637817383
0.00433039665222168
0.008743762969970703
0.009195566177368164
0.00645136833190918
0.008085250854492188
0.006944179534912109
0.008786678314208984
0.008038997650146484
0.006523847579956055
0.008510589599609375
0.007364511489868164
0.007653236389160156
0.007058620452880859
0.008391857147216797
0.008984804153442383
0.006919145584106445
0.008158206939697266
0.008954048156738281
0.0073316097259521484
0.009198188781738281
0.008804082870483398
0.004378557205200195
0.00982975959777832
0.008809804916381836
0.0071179866790771484
0.008742332458496094
0.006147623062133789
0.007055521011352539
0.008018255233764648
0.009005308151245117
0.0060443878173828125
0.008778095245361328
0.009913206100463867
0.00905156135559082
0.008775949478149414
0.009061336517333984
0.00710749626159668
0.007959127426147461
0.009087085723876953
0.00626373291015625
0.00608062744140625
0.009124994277954102
0.00785684585571289
0.008157014846801758
0.008684873580932617
0.007248878479003906
0.007588386535644531
0.0056896209716796875
0.00876927375793457
0.006883144378662109
0.00792551040649414
0.008448123931884766
0.008682727813720703
0.00909280776977539
0.008214235305786133
0.00880742073059082
0.008543014526367188
0.008823871612548828
0.008652448654174805
0.008241891860961914
0.008695602416992188
0.00861978530883789
0.006659269332885742
0.010038137435913086
0.006748676300048828
0.008860111236572266
0.008339166641235352
0.006165981292724609
0.008969545364379883
0.008849620819091797
0.008517742156982422
0.007170438766479492
0.00873112678527832
0.007889270782470703
0.008637189865112305
0.00869894027709961
0.008993148803710938
0.006593942642211914
0.008958816528320312
0.008469104766845703
0.008594989776611328
0.009032249450683594
0.008594512939453125
0.008817195892333984
0.00904226303100586
0.0060155391693115234
0.00598454475402832
0.00902104377746582
0.008978605270385742
0.007249593734741211
0.008211374282836914
0.008905410766601562
0.007125139236450195
0.010956287384033203
0.008562803268432617
0.0062983036041259766
0.009902238845825195
0.008305788040161133
0.006843090057373047
0.00877070426940918
0.008957862854003906
0.009000539779663086
0.008364677429199219
0.0070989131927490234
0.007210969924926758
