0.01175999641418457
0.010906696319580078
0.010120391845703125
0.01251840591430664
0.012464761734008789
0.016251564025878906
0.012126445770263672
0.009325981140136719
0.012030601501464844
0.010065078735351562
0.010683536529541016
0.011935710906982422
0.009265661239624023
0.010046958923339844
0.010768890380859375
0.012904644012451172
0.010474920272827148
0.012572050094604492
0.01101827621459961
0.013163328170776367
0.010886907577514648
0.009395122528076172
0.010693788528442383
0.011976480484008789
0.011337518692016602
0.009542465209960938
0.011256217956542969
0.009692907333374023
0.010783910751342773
0.009565114974975586
0.011862039566040039
0.013106822967529297
0.01194620132446289
0.011996030807495117
0.010155916213989258
0.011225223541259766
0.011394977569580078
0.009840011596679688
0.011936664581298828
0.011014461517333984
0.008489370346069336
0.010842323303222656
0.010940790176391602
0.012200117111206055
0.011834859848022461
0.011739969253540039
0.009780406951904297
0.012457132339477539
0.009644746780395508
0.012046098709106445
0.010013103485107422
0.010556697845458984
0.012751102447509766
0.010942697525024414
0.013219356536865234
0.011044979095458984
0.009018182754516602
0.009956121444702148
0.011342763900756836
0.011590957641601562
0.010193109512329102
0.011698722839355469
0.012698888778686523
0.009859800338745117
0.011938810348510742
0.009016275405883789
0.01262521743774414
0.011699676513671875
0.012705564498901367
0.01077127456665039
0.00937652587890625
0.013002634048461914
0.01667928695678711
0.012756586074829102
0.011059999465942383
0.009178400039672852
0.01336216926574707
0.009929895401000977
0.007649421691894531
0.013268470764160156
0.016304969787597656
0.013418912887573242
0.012687444686889648
0.014412879943847656
0.00983572006225586
0.011238336563110352
0.011469364166259766
0.012218713760375977
0.009575366973876953
0.011483192443847656
0.012710809707641602
0.011140584945678711
0.010640382766723633
0.010054588317871094
0.012136220932006836
0.00965571403503418
0.012991666793823242
0.012017011642456055
0.016999006271362305
0.012572765350341797
0.009031057357788086
0.012276411056518555
0.011779308319091797
0.008480548858642578
0.011250972747802734
0.008630990982055664
0.01188039779663086
0.011662960052490234
0.011972188949584961
0.008710622787475586
0.015106678009033203
0.011676788330078125
0.012867212295532227
0.016134023666381836
0.011441469192504883
0.010586261749267578
0.012761354446411133
0.011767148971557617
0.008916616439819336
0.010829925537109375
0.011600494384765625
0.010300159454345703
0.013282060623168945
0.009610891342163086
0.0071544647216796875
0.008863687515258789
0.011188983917236328
0.011564016342163086
0.010205984115600586
0.011963844299316406
0.01221466064453125
0.00900578498840332
0.010587692260742188
0.010338306427001953
0.010506629943847656
0.010542869567871094
0.009451866149902344
0.011620759963989258
0.014936447143554688
0.013841867446899414
0.01219630241394043
0.009048938751220703
0.009904623031616211
0.010172128677368164
0.01168060302734375
0.010709524154663086
0.011353254318237305
0.011562108993530273
0.010737419128417969
0.009734392166137695
0.011726617813110352
0.01174163818359375
0.011130809783935547
0.008995532989501953
0.009503602981567383
0.009622335433959961
0.009676456451416016
0.009629964828491211
0.011476516723632812
0.010910272598266602
0.011741161346435547
0.013354301452636719
0.011959075927734375
0.010403871536254883
0.00926661491394043
0.012399673461914062
0.016610145568847656
0.016505956649780273
0.01395106315612793
0.012305259704589844
0.01463937759399414
0.010835647583007812
0.010511636734008789
0.016112804412841797
0.011465787887573242
0.009877920150756836
0.01149439811706543
0.011135339736938477
0.009491920471191406
0.011648893356323242
0.010149240493774414
0.012058496475219727
0.010036468505859375
0.010125875473022461
0.011876583099365234
0.008138418197631836
0.010782003402709961
0.006853818893432617
0.01311802864074707
0.008891105651855469
0.01366281509399414
0.012021303176879883
0.011368751525878906
0.006943941116333008
0.008746623992919922
0.011893749237060547
0.01141667366027832
0.0150604248046875
0.010993242263793945
0.011232137680053711
0.011107206344604492
0.009669780731201172
0.009520292282104492
0.013742208480834961
0.01287698745727539
0.011885881423950195
0.011067390441894531
0.006946086883544922
0.010120630264282227
0.011553287506103516
0.00998234748840332
0.010469436645507812
0.012195825576782227
0.010718822479248047
0.013322591781616211
0.01013326644897461
0.007598876953125
0.013099193572998047
0.010654926300048828
0.011685371398925781
0.008676290512084961
0.008491992950439453
0.012097597122192383
0.011915206909179688
0.0089263916015625
0.01318812370300293
0.011632919311523438
0.01476740837097168
0.011716604232788086
0.011140823364257812
0.012621402740478516
0.01221919059753418
0.011791229248046875
0.008785724639892578
0.011252164840698242
0.012113571166992188
0.008428573608398438
0.009744405746459961
0.007409811019897461
0.015636444091796875
0.012539386749267578
0.011026620864868164
0.0110931396484375
0.009659290313720703
0.012880802154541016
0.009552717208862305
0.015688180923461914
0.011637449264526367
0.010303497314453125
0.010516166687011719
0.011904716491699219
0.012531042098999023
0.012402534484863281
0.012930154800415039
0.012167692184448242
0.012477397918701172
0.01069951057434082
0.0071065425872802734
0.01043701171875
0.012142419815063477
0.0073888301849365234
0.01138758659362793
0.011767864227294922
0.011636972427368164
0.01303720474243164
0.011911630630493164
0.009905815124511719
0.012111186981201172
0.010883092880249023
0.009473323822021484
0.00953984260559082
0.011795282363891602
0.009649515151977539
0.011834144592285156
0.012087821960449219
0.013815879821777344
0.007256507873535156
0.011118412017822266
0.00983119010925293
0.012008190155029297
0.01220250129699707
0.009770393371582031
0.011480331420898438
0.011730194091796875
0.011426687240600586
0.00904536247253418
0.010657548904418945
0.016645431518554688
0.011560916900634766
0.011673212051391602
0.0116119384765625
0.010704517364501953
0.008704662322998047
0.010527372360229492
0.016216516494750977
0.009186744689941406
0.011177778244018555
0.011003732681274414
0.008900880813598633
0.009446144104003906
0.012165307998657227
0.009879589080810547
0.012932777404785156
0.012612581253051758
0.012839317321777344
0.01121211051940918
0.01255178451538086
0.013141393661499023
0.012620687484741211
0.009857177734375
0.011918783187866211
0.008995771408081055
0.013037443161010742
0.01210927963256836
0.009791851043701172
0.009771585464477539
0.01546335220336914
0.011783123016357422
0.009306669235229492
0.009867191314697266
0.009637594223022461
0.009013891220092773
0.008528470993041992
0.011313676834106445
0.011406898498535156
0.010704278945922852
0.009025335311889648
0.011034250259399414
0.011641263961791992
0.009329795837402344
0.011486053466796875
0.010704994201660156
0.011670112609863281
0.011473417282104492
0.012449026107788086
0.012861967086791992
0.013479232788085938
0.011648416519165039
0.010865211486816406
0.009120464324951172
0.008533716201782227
0.010673284530639648
0.012017488479614258
0.010538578033447266
0.01237940788269043
0.008891820907592773
0.012615442276000977
0.012003421783447266
0.011965751647949219
0.012027978897094727
0.00995945930480957
0.011798620223999023
0.008065223693847656
0.01199960708618164
0.012045621871948242
0.011669158935546875
0.010651350021362305
0.01036977767944336
0.012766838073730469
0.009004354476928711
0.009844064712524414
0.010063648223876953
0.013660430908203125
0.014180898666381836
0.011912822723388672
0.011543512344360352
0.00953221321105957
0.012011528015136719
0.011966228485107422
0.012588262557983398
0.014806270599365234
0.01446223258972168
0.010349035263061523
0.009022235870361328
0.011959075927734375
0.011706113815307617
0.013593912124633789
0.011624336242675781
0.010874032974243164
0.009594440460205078
0.012105464935302734
0.009866714477539062
0.01526784896850586
0.009311199188232422
0.011502504348754883
0.009592533111572266
0.012180566787719727
0.012882232666015625
0.013405084609985352
0.012520313262939453
0.013274669647216797
0.011774778366088867
0.012758016586303711
0.00903010368347168
0.012529850006103516
0.010882854461669922
0.008445262908935547
0.011977672576904297
0.009618759155273438
0.010528326034545898
0.013187885284423828
0.01218867301940918
0.011874675750732422
0.006961822509765625
0.012931585311889648
0.011543035507202148
0.01336669921875
0.011693239212036133
0.009305238723754883
0.0102081298828125
0.014256477355957031
0.011390209197998047
0.012150764465332031
0.01184701919555664
0.009147405624389648
0.01291799545288086
0.011867761611938477
0.011500120162963867
0.01151418685913086
0.009035348892211914
0.011927127838134766
0.0113067626953125
0.011571645736694336
0.012938499450683594
0.009800910949707031
0.014177322387695312
0.012773990631103516
0.009320974349975586
0.010769844055175781
0.011136531829833984
0.012123346328735352
0.011742353439331055
0.0074005126953125
0.01194143295288086
0.015897750854492188
0.013454198837280273
0.013073921203613281
0.016158103942871094
0.010154008865356445
0.012349367141723633
0.011668682098388672
0.016463041305541992
0.009117603302001953
0.01218867301940918
0.006791353225708008
0.011267662048339844
0.010353803634643555
0.010545730590820312
0.012375354766845703
0.011765718460083008
0.01129007339477539
0.012036800384521484
0.007025241851806641
0.0139007568359375
0.011490821838378906
0.012116670608520508
0.011538505554199219
0.011167764663696289
0.01390528678894043
0.010591983795166016
0.010951995849609375
0.013741016387939453
0.009385108947753906
0.01214146614074707
0.015521049499511719
0.006883382797241211
0.014780044555664062
0.011053085327148438
0.013133049011230469
0.013761520385742188
0.011396408081054688
0.009747982025146484
0.010039329528808594
0.012288331985473633
0.011162519454956055
0.011263847351074219
0.011568069458007812
0.011634588241577148
0.009687185287475586
0.012753725051879883
0.011178731918334961
0.007075309753417969
0.006819963455200195
0.011646270751953125
0.012031316757202148
0.009326696395874023
0.012609004974365234
0.01698756217956543
0.012028932571411133
0.013480901718139648
0.009871482849121094
0.01016545295715332
0.01283884048461914
0.013020992279052734
0.012418031692504883
0.011623144149780273
0.013350486755371094
0.012862205505371094
0.011379718780517578
0.011925458908081055
0.014671087265014648
0.011341094970703125
0.010779142379760742
0.011385679244995117
0.011886119842529297
0.00968170166015625
0.013759613037109375
0.011902570724487305
0.007071971893310547
0.00907588005065918
0.011852741241455078
0.010519266128540039
0.011320352554321289
0.009894609451293945
0.011369943618774414
0.008905172348022461
0.016762971878051758
0.011040925979614258
0.008398056030273438
0.011374950408935547
0.008961677551269531
0.009347200393676758
0.012974739074707031
0.013585329055786133
0.010048866271972656
0.01552581787109375
0.011729717254638672
0.009155750274658203
0.009274721145629883
0.008458137512207031
0.011723756790161133
0.015515327453613281
0.00944375991821289
0.011740922927856445
0.01076817512512207
0.011612415313720703
0.009662866592407227
0.011924505233764648
0.008965492248535156
0.009891271591186523
0.012746095657348633
0.013973712921142578
0.009781599044799805
0.011889457702636719
0.012853384017944336
0.010004997253417969
0.010104179382324219
0.01205301284790039
0.010837554931640625
0.011874675750732422
0.014946699142456055
0.008494853973388672
0.011767864227294922
0.009954690933227539
0.01310276985168457
0.011418581008911133
0.010524272918701172
0.00994110107421875
0.014338254928588867
0.011346101760864258
0.014456510543823242
0.014158487319946289
0.009272336959838867
0.00981760025024414
0.010582447052001953
0.013086795806884766
0.009408235549926758
0.00919485092163086
0.009756326675415039
0.01175069808959961
0.008080482482910156
0.01480865478515625
0.008418560028076172
0.010114669799804688
0.010712623596191406
0.009195327758789062
0.009686708450317383
0.008987665176391602
0.010439157485961914
0.013504266738891602
0.012638092041015625
0.012346029281616211
0.012016773223876953
0.012405633926391602
0.011905431747436523
0.011849403381347656
0.010541915893554688
0.01327657699584961
0.012134313583374023
0.011403799057006836
0.011948585510253906
0.010490179061889648
0.013905048370361328
0.010476350784301758
0.011173248291015625
0.01593017578125
0.011302947998046875
0.00893092155456543
0.008501529693603516
0.00995945930480957
0.01168203353881836
0.010252714157104492
0.01102757453918457
0.009873628616333008
0.016471385955810547
0.011715412139892578
0.009852409362792969
0.010740518569946289
0.01147150993347168
0.01310586929321289
0.012122154235839844
0.013656854629516602
0.012318134307861328
0.011263132095336914
0.01132655143737793
0.01261448860168457
0.012027978897094727
0.012538671493530273
0.009122133255004883
0.012747764587402344
0.009600162506103516
0.013661861419677734
0.011384010314941406
0.011420249938964844
0.013532876968383789
0.012870073318481445
0.009651422500610352
0.009461641311645508
0.009537220001220703
0.008960485458374023
0.011122941970825195
0.013905048370361328
0.015734434127807617
0.010795831680297852
0.009937047958374023
0.009460926055908203
0.013144254684448242
0.009805440902709961
0.011485815048217773
0.011715173721313477
0.011873960494995117
0.008796930313110352
0.009594440460205078
0.00819087028503418
0.013392210006713867
0.014020919799804688
0.010658740997314453
0.008976221084594727
0.011839151382446289
0.01508641242980957
0.011981010437011719
0.008822202682495117
0.009516000747680664
0.009565591812133789
0.011838436126708984
0.00889897346496582
0.010771036148071289
0.012610197067260742
0.01466226577758789
0.00938725471496582
0.00880575180053711
0.01050877571105957
0.01230764389038086
0.012058019638061523
0.013596296310424805
0.01063847541809082
0.011353492736816406
0.011595010757446289
0.009791851043701172
0.013653039932250977
0.01381826400756836
0.011446237564086914
0.008900165557861328
0.010522842407226562
0.009583473205566406
0.012148141860961914
0.010153055191040039
0.011909723281860352
0.011243820190429688
0.011281967163085938
0.010791778564453125
0.010902881622314453
0.008235454559326172
0.009772539138793945
0.009512662887573242
0.01619124412536621
0.009871244430541992
0.011737346649169922
0.011848926544189453
0.011354446411132812
0.009053707122802734
0.010045766830444336
0.011538505554199219
0.010069847106933594
0.013599157333374023
0.012606620788574219
0.013499736785888672
0.012499332427978516
0.0102996826171875
0.009848833084106445
0.010431766510009766
0.009691476821899414
0.014824151992797852
0.0107269287109375
0.00979161262512207
0.011595964431762695
0.013106822967529297
0.013416528701782227
0.014577627182006836
0.011312246322631836
0.012485742568969727
0.011325359344482422
0.008085250854492188
0.009665966033935547
0.011185646057128906
0.010747432708740234
0.010267257690429688
0.012299060821533203
0.009346485137939453
0.00882863998413086
0.008879661560058594
0.008906126022338867
0.014152288436889648
0.011179685592651367
0.012245893478393555
0.011873722076416016
0.01310873031616211
0.010570049285888672
0.011301279067993164
0.009863138198852539
0.01212620735168457
0.015783309936523438
0.016518115997314453
0.012812137603759766
0.011593103408813477
0.012248516082763672
0.008966922760009766
0.01021885871887207
0.011401891708374023
0.009520769119262695
0.00944375991821289
0.009329557418823242
0.01279139518737793
0.008649587631225586
0.01204991340637207
0.011571645736694336
0.013055562973022461
0.011192560195922852
0.009508848190307617
0.010309934616088867
0.009491443634033203
0.010264158248901367
0.012404918670654297
0.011758089065551758
0.01017141342163086
0.010988473892211914
0.011317729949951172
0.009973764419555664
0.012378454208374023
0.01174020767211914
0.008379697799682617
0.009373664855957031
0.009821176528930664
0.012844562530517578
0.012392759323120117
0.01175689697265625
0.007158756256103516
0.010239124298095703
0.011617183685302734
0.01109457015991211
0.008994817733764648
0.007851600646972656
0.011954069137573242
0.013500452041625977
0.013138532638549805
0.010454654693603516
0.012889623641967773
0.012150287628173828
0.009311914443969727
0.00982522964477539
0.011551856994628906
0.011043071746826172
0.011372804641723633
0.010693550109863281
0.009138107299804688
0.01000833511352539
0.009717226028442383
0.013832569122314453
0.015375137329101562
0.011136531829833984
0.009229421615600586
0.011636495590209961
0.013581275939941406
0.011522769927978516
0.01147317886352539
0.010277986526489258
0.012284517288208008
0.009520769119262695
0.011603593826293945
0.009491443634033203
0.009403705596923828
0.01210927963256836
0.01147007942199707
0.012038707733154297
0.009517908096313477
0.010581254959106445
0.01695704460144043
0.00837397575378418
0.011989831924438477
0.012356042861938477
0.010802030563354492
0.01101541519165039
0.009341001510620117
0.011887311935424805
0.011804819107055664
0.01115727424621582
0.011141538619995117
0.008739233016967773
0.008814811706542969
0.011903762817382812
0.00964212417602539
0.012461185455322266
0.013068437576293945
0.012158632278442383
0.012745141983032227
0.010848283767700195
0.010360002517700195
0.010737180709838867
0.011856317520141602
0.011003971099853516
0.011609554290771484
0.009472846984863281
0.013086318969726562
0.012067317962646484
0.011631965637207031
0.011840581893920898
0.012682199478149414
0.011326313018798828
0.013550758361816406
0.012033462524414062
0.012178659439086914
0.009803056716918945
0.010706901550292969
0.01215362548828125
0.012016057968139648
0.011246442794799805
0.008408308029174805
0.01192164421081543
0.017380952835083008
0.009802103042602539
0.006863594055175781
0.01239323616027832
0.011935234069824219
0.009780168533325195
0.012868881225585938
0.010131120681762695
0.008848905563354492
0.01249241828918457
0.011682987213134766
0.009546279907226562
0.009253501892089844
0.009690284729003906
0.013174295425415039
0.009773969650268555
0.010980606079101562
0.012317895889282227
0.011484861373901367
0.012228012084960938
0.012943506240844727
0.008677959442138672
0.011842489242553711
0.009561538696289062
0.008918523788452148
0.009017229080200195
0.011697530746459961
0.011856555938720703
0.011425018310546875
0.011226654052734375
0.016371488571166992
0.01265406608581543
0.009333610534667969
0.00993037223815918
0.013816356658935547
0.006830453872680664
0.010339736938476562
0.012109756469726562
0.013419866561889648
0.01423788070678711
0.011697530746459961
0.009635210037231445
0.013659238815307617
0.013020753860473633
0.011534452438354492
0.010567426681518555
0.012653350830078125
0.007880210876464844
0.009826898574829102
0.008583307266235352
0.0132598876953125
0.009819507598876953
0.010196924209594727
0.008203744888305664
0.006993770599365234
0.012160778045654297
0.012726783752441406
0.011590003967285156
0.009131669998168945
0.010951757431030273
0.011336565017700195
0.008816003799438477
0.012302637100219727
0.01166677474975586
0.01342010498046875
0.011662006378173828
0.011196374893188477
0.012361764907836914
0.012249469757080078
0.011512517929077148
0.010786056518554688
0.01096200942993164
0.009294986724853516
0.010574817657470703
0.011307477951049805
0.011758804321289062
0.01180267333984375
0.014091968536376953
0.015157222747802734
0.010771989822387695
0.01160740852355957
0.010009288787841797
0.012304544448852539
0.011829614639282227
0.011693000793457031
0.009878396987915039
0.011762142181396484
0.011659860610961914
0.010997772216796875
0.011914730072021484
0.012049198150634766
0.010063886642456055
0.01036977767944336
0.01091623306274414
0.01041102409362793
0.012953996658325195
0.009419918060302734
0.01195383071899414
0.010399103164672852
0.01291036605834961
0.012729644775390625
0.011197328567504883
0.013727188110351562
0.012259483337402344
0.0128936767578125
0.011174440383911133
0.011510610580444336
0.015321731567382812
0.013192176818847656
0.01376032829284668
0.00999903678894043
0.012766122817993164
0.009875297546386719
0.011295795440673828
0.01188039779663086
0.011314868927001953
0.013856649398803711
0.013863801956176758
0.011571884155273438
0.011639595031738281
0.011629581451416016
0.011633872985839844
0.01258230209350586
0.011962175369262695
0.012075662612915039
0.012769222259521484
0.011569023132324219
0.011643409729003906
0.011668682098388672
0.010769367218017578
0.008805513381958008
0.012030601501464844
0.008722066879272461
0.011494874954223633
0.010024547576904297
0.009964704513549805
0.011534690856933594
0.012738466262817383
0.01188802719116211
0.015179872512817383
0.008522748947143555
0.011715412139892578
0.014226436614990234
0.012119293212890625
0.014247417449951172
0.008825302124023438
0.007186174392700195
0.009075403213500977
0.012201309204101562
0.011378288269042969
0.01017904281616211
0.011742353439331055
