0.00724029541015625
0.007728099822998047
0.007292747497558594
0.007439136505126953
0.00717616081237793
0.006605386734008789
0.006784677505493164
0.008505821228027344
0.007489442825317383
0.00564122200012207
0.006743431091308594
0.007251739501953125
0.006958723068237305
0.005820751190185547
0.0076448917388916016
0.007028818130493164
0.0074574947357177734
0.007410526275634766
0.006051778793334961
0.008571386337280273
0.007587909698486328
0.00684356689453125
0.006632328033447266
0.004834890365600586
0.007287263870239258
0.0067958831787109375
0.006905317306518555
0.006693601608276367
0.008327484130859375
0.006649494171142578
0.006693363189697266
0.005063295364379883
0.006964445114135742
0.007787466049194336
0.0064890384674072266
0.006737470626831055
0.006281614303588867
0.004799604415893555
0.008615493774414062
0.006441354751586914
0.0066678524017333984
0.0066373348236083984
0.0063588619232177734
0.006925821304321289
0.006205081939697266
0.006600856781005859
0.0069124698638916016
0.0068247318267822266
0.0067899227142333984
0.004757404327392578
0.004804134368896484
0.006606578826904297
0.006557941436767578
0.006742238998413086
0.006715059280395508
0.006878376007080078
0.006748676300048828
0.0071811676025390625
0.0064547061920166016
0.005933284759521484
0.0065915584564208984
0.006701469421386719
0.006773233413696289
0.007155418395996094
0.006949901580810547
0.008587360382080078
0.0061724185943603516
0.006505489349365234
0.005128383636474609
0.005110979080200195
0.007006645202636719
0.0066869258880615234
0.005017757415771484
0.005848884582519531
0.006475925445556641
0.006623506546020508
0.006916522979736328
0.006529331207275391
0.0067348480224609375
0.006867885589599609
0.006517887115478516
0.006776571273803711
0.007671833038330078
0.006823301315307617
0.004952669143676758
0.006646633148193359
0.006554126739501953
0.007003307342529297
0.006879091262817383
0.006849765777587891
0.0068356990814208984
0.0068738460540771484
0.0068094730377197266
0.006735801696777344
0.006829977035522461
0.006769657135009766
0.006837129592895508
0.006822347640991211
0.006963491439819336
0.008115530014038086
0.008496999740600586
0.006728172302246094
0.00734710693359375
0.006807804107666016
0.006844282150268555
0.005990266799926758
0.006514072418212891
0.006808757781982422
0.006815195083618164
0.006451845169067383
0.006451606750488281
0.00680088996887207
0.0059795379638671875
0.006021022796630859
0.006804943084716797
0.006532430648803711
0.006695747375488281
0.0070953369140625
0.006858110427856445
0.006925344467163086
0.006876230239868164
0.006608486175537109
0.006606578826904297
0.00557398796081543
0.0068416595458984375
0.0068132877349853516
0.008413314819335938
0.006753683090209961
0.00669407844543457
0.007040500640869141
0.0066606998443603516
0.00711822509765625
0.00674128532409668
0.006485700607299805
0.0030486583709716797
0.00531768798828125
0.006613254547119141
0.006861686706542969
0.006721019744873047
0.007020235061645508
0.006704807281494141
0.006966352462768555
0.006898403167724609
0.008438825607299805
0.00681614875793457
0.006784677505493164
0.0065348148345947266
0.006620883941650391
0.005930423736572266
0.005925655364990234
0.006574153900146484
0.006570577621459961
0.0070264339447021484
0.006825685501098633
0.00593876838684082
0.00698542594909668
0.005990743637084961
0.0067942142486572266
0.006894588470458984
0.006569623947143555
0.006290912628173828
0.0063800811767578125
0.00578618049621582
0.007819175720214844
0.0068590641021728516
0.006549835205078125
0.005218505859375
0.006948947906494141
0.006477832794189453
0.0065386295318603516
0.006876230239868164
0.00702357292175293
0.006767988204956055
0.006941080093383789
0.006570577621459961
0.006604909896850586
0.005625247955322266
0.006921529769897461
0.006577730178833008
0.006528377532958984
0.005281686782836914
0.0062716007232666016
0.007157802581787109
0.006506443023681641
0.006979703903198242
0.006966352462768555
0.006529808044433594
0.006304502487182617
0.00648951530456543
0.0068264007568359375
0.006394386291503906
0.006707429885864258
0.0062885284423828125
0.008255720138549805
0.006222248077392578
0.00686335563659668
0.006671428680419922
0.006918191909790039
0.006939888000488281
0.006556272506713867
0.006962776184082031
0.006665468215942383
0.006541013717651367
0.006982564926147461
0.006846189498901367
0.006802082061767578
0.006631135940551758
0.006957530975341797
0.00640416145324707
0.005862712860107422
0.0068590641021728516
0.006537914276123047
0.005539417266845703
0.004160642623901367
0.00649714469909668
0.006830692291259766
0.006710529327392578
0.006812572479248047
0.005986928939819336
0.005178213119506836
0.005968809127807617
0.003919839859008789
0.0067594051361083984
0.00700831413269043
0.006968975067138672
0.005814790725708008
0.0037300586700439453
0.0065610408782958984
0.0053484439849853516
0.007122993469238281
0.006898164749145508
0.00686335563659668
0.006854534149169922
0.006176471710205078
0.006630897521972656
0.006985187530517578
0.005587577819824219
0.0068209171295166016
0.006404876708984375
0.0054628849029541016
0.006404399871826172
0.0070362091064453125
0.006300687789916992
0.005702972412109375
0.006087303161621094
0.006150722503662109
0.004073619842529297
0.004826545715332031
0.0033273696899414062
0.004099845886230469
0.007558107376098633
0.0068013668060302734
0.007026195526123047
0.006772041320800781
0.006804227828979492
0.005187273025512695
0.005753755569458008
0.006983518600463867
0.006349325180053711
0.00556492805480957
0.006864070892333984
0.0066852569580078125
0.006758451461791992
0.006986141204833984
0.008536577224731445
0.007003307342529297
0.006600379943847656
0.00767207145690918
0.003729104995727539
0.0069124698638916016
0.006078481674194336
0.006819725036621094
0.00634765625
0.006407022476196289
0.00528717041015625
0.006448507308959961
0.006739616394042969
0.0054323673248291016
0.006901264190673828
0.006947994232177734
0.006647825241088867
0.005364179611206055
0.006624460220336914
0.006781578063964844
0.007005214691162109
0.0069637298583984375
0.006587028503417969
0.0059812068939208984
0.006213188171386719
0.008655309677124023
0.006768465042114258
0.0067920684814453125
0.00644683837890625
0.006758689880371094
0.005514383316040039
0.006902933120727539
0.008324861526489258
0.006964683532714844
0.006585121154785156
0.004445314407348633
0.003072500228881836
0.0067751407623291016
0.0068171024322509766
0.006819009780883789
0.006768941879272461
0.0074503421783447266
0.006574153900146484
0.004672527313232422
0.006591320037841797
0.007040977478027344
0.006795167922973633
0.00765538215637207
0.005602598190307617
0.005506992340087891
0.005803823471069336
0.006899118423461914
0.0067310333251953125
0.006804704666137695
0.006437540054321289
0.006806373596191406
0.006787776947021484
0.006577014923095703
0.006527423858642578
0.006472110748291016
0.0059967041015625
0.00713348388671875
0.00641322135925293
0.0066432952880859375
0.0062351226806640625
0.0049517154693603516
0.0057888031005859375
0.006122589111328125
0.006501436233520508
0.0058040618896484375
0.0030815601348876953
0.0066204071044921875
0.006288290023803711
0.006604909896850586
0.006567239761352539
0.00705409049987793
0.006306886672973633
0.0068967342376708984
0.0051119327545166016
0.006477832794189453
0.004609107971191406
0.0056018829345703125
0.006537914276123047
0.0065801143646240234
0.0066814422607421875
0.006825685501098633
0.006163835525512695
0.004741191864013672
0.006148576736450195
0.006403923034667969
0.0068509578704833984
0.007019996643066406
0.0064296722412109375
0.0051538944244384766
0.006517648696899414
0.00681304931640625
0.00590968132019043
0.006888628005981445
0.007686614990234375
0.0069048404693603516
0.006878852844238281
0.00651240348815918
0.005541086196899414
0.006883859634399414
0.00631403923034668
0.006183624267578125
0.005803585052490234
0.0054395198822021484
0.006106138229370117
0.004891395568847656
0.006467580795288086
0.006545066833496094
0.006368398666381836
0.0068814754486083984
0.006367206573486328
0.006571531295776367
0.006595134735107422
0.00679779052734375
0.0065152645111083984
0.006520748138427734
0.00538945198059082
0.006557464599609375
0.0064046382904052734
0.00690770149230957
0.006654262542724609
0.006988048553466797
0.0064640045166015625
0.006890058517456055
0.0066449642181396484
0.0064907073974609375
0.006766319274902344
0.006942272186279297
0.005519390106201172
0.006928443908691406
0.006969928741455078
0.006231546401977539
0.006525993347167969
0.0068607330322265625
0.006379127502441406
0.006737232208251953
0.004639863967895508
0.006319284439086914
0.008814811706542969
0.004266023635864258
0.006597757339477539
0.006793022155761719
0.008307695388793945
0.0054166316986083984
0.0047719478607177734
0.0065975189208984375
0.006914377212524414
0.008133411407470703
0.006860017776489258
0.006728649139404297
0.0037622451782226562
0.006623268127441406
0.0062716007232666016
0.005560159683227539
0.004422187805175781
0.005036115646362305
0.005976200103759766
0.005662202835083008
0.006214618682861328
0.006841897964477539
0.0076923370361328125
0.006498098373413086
0.00637507438659668
0.007598400115966797
0.0076563358306884766
0.006788492202758789
0.005469560623168945
0.006584882736206055
0.0070154666900634766
0.005522489547729492
0.0037789344787597656
0.006747007369995117
0.006767749786376953
0.0038225650787353516
0.006595134735107422
0.006568431854248047
0.005248308181762695
0.006475925445556641
0.0064241886138916016
0.005901336669921875
0.0065500736236572266
0.0064830780029296875
0.006758451461791992
0.0066890716552734375
0.006398916244506836
0.00685882568359375
0.0029535293579101562
0.0063457489013671875
0.005880832672119141
0.006906032562255859
0.006352901458740234
0.006747722625732422
0.005483388900756836
0.007673501968383789
0.0067522525787353516
0.0069484710693359375
0.005834341049194336
0.006234169006347656
0.006859302520751953
0.00691986083984375
0.0063343048095703125
0.006134986877441406
0.00671839714050293
0.006769895553588867
0.00650787353515625
0.006955385208129883
0.00644373893737793
0.006665229797363281
0.006465435028076172
0.005469083786010742
0.0063211917877197266
0.004069805145263672
0.006698131561279297
0.006621837615966797
0.006597995758056641
0.007712364196777344
0.006638526916503906
0.006727695465087891
0.0030977725982666016
0.00613856315612793
0.003061532974243164
0.006606578826904297
0.006472587585449219
0.0072252750396728516
0.006471157073974609
0.0034780502319335938
0.0065419673919677734
0.004427909851074219
0.008404970169067383
0.006562471389770508
0.0063419342041015625
0.006463289260864258
0.006560802459716797
0.007046937942504883
0.006235837936401367
0.005373954772949219
0.006838321685791016
0.0031020641326904297
0.006422758102416992
0.006406068801879883
0.006466865539550781
0.0038695335388183594
0.006400108337402344
0.005776882171630859
0.008258819580078125
0.008569478988647461
0.006737232208251953
0.0067293643951416016
0.0057675838470458984
0.006809234619140625
0.006636857986450195
0.005391836166381836
0.00820612907409668
0.006468772888183594
0.0033872127532958984
0.006959199905395508
0.00636744499206543
0.0038874149322509766
0.003370523452758789
0.006674051284790039
0.00652766227722168
0.005454063415527344
0.006444692611694336
0.006641387939453125
0.005978107452392578
0.00666046142578125
0.0052013397216796875
0.006160259246826172
0.0065097808837890625
0.006831645965576172
0.00654911994934082
0.006209611892700195
0.006162405014038086
0.006805896759033203
0.006487846374511719
0.006535053253173828
0.006764411926269531
0.004822969436645508
0.005899190902709961
0.006010293960571289
0.0052721500396728516
0.006453514099121094
0.006601810455322266
0.007568359375
0.006045341491699219
0.006566762924194336
0.003133058547973633
0.0031843185424804688
0.00695347785949707
0.006826162338256836
0.004163026809692383
0.006386280059814453
0.006803750991821289
0.006425380706787109
0.006270408630371094
0.00760960578918457
0.006540060043334961
0.007736921310424805
0.006070852279663086
0.00637054443359375
0.006143331527709961
0.005822420120239258
0.0064830780029296875
0.006775617599487305
0.008636236190795898
0.006823539733886719
0.006685018539428711
0.006443023681640625
0.0052034854888916016
0.008140802383422852
0.006570577621459961
0.006847858428955078
0.0069429874420166016
0.006683349609375
0.00637507438659668
0.00646209716796875
0.006679058074951172
0.006954193115234375
0.007929563522338867
0.004874467849731445
0.0059871673583984375
0.0055997371673583984
0.006734371185302734
0.006917715072631836
0.006732940673828125
0.0068416595458984375
0.005675554275512695
0.006909370422363281
0.0033905506134033203
0.0058019161224365234
0.006086111068725586
0.006078958511352539
0.004712343215942383
0.005530357360839844
0.0069141387939453125
0.006488800048828125
0.006349802017211914
0.006781101226806641
0.006484031677246094
0.006760835647583008
0.006661415100097656
0.0065746307373046875
0.005424976348876953
0.006906986236572266
0.005114316940307617
0.006466865539550781
0.006342887878417969
0.005877971649169922
0.006674766540527344
0.006582021713256836
0.004904270172119141
0.00676274299621582
0.006463527679443359
0.007134675979614258
0.006340742111206055
0.006430864334106445
0.003922700881958008
0.0062215328216552734
0.003059864044189453
0.0064525604248046875
0.006768703460693359
0.00593876838684082
0.005428314208984375
0.006429910659790039
0.005228281021118164
0.0061740875244140625
0.006189584732055664
0.005670070648193359
0.005965232849121094
0.006643772125244141
0.005972862243652344
0.003539562225341797
0.00612187385559082
0.00660395622253418
0.0061092376708984375
0.006506919860839844
0.0065190792083740234
0.006212949752807617
0.0064318180084228516
0.007947921752929688
0.00579833984375
0.006367206573486328
0.00655055046081543
0.0053288936614990234
0.00655055046081543
0.006901979446411133
0.004949808120727539
0.008194446563720703
0.00417780876159668
0.006837368011474609
0.006737470626831055
0.006654977798461914
0.0059549808502197266
0.00796055793762207
0.003827810287475586
0.0065517425537109375
0.006406068801879883
0.006143331527709961
0.0065805912017822266
0.00680088996887207
0.006857872009277344
0.006265163421630859
0.0059413909912109375
0.006258487701416016
0.006589174270629883
0.0032587051391601562
0.0032405853271484375
0.006327390670776367
0.006123542785644531
0.006328582763671875
0.005975008010864258
0.006389617919921875
0.006131887435913086
0.0063436031341552734
0.005594491958618164
0.0067462921142578125
0.0062427520751953125
0.008368730545043945
0.00638580322265625
0.0037474632263183594
0.005735874176025391
0.00627446174621582
0.003041982650756836
0.006151914596557617
0.0029506683349609375
0.0064465999603271484
0.006294965744018555
0.006452322006225586
0.006644487380981445
0.004984140396118164
0.005927324295043945
0.0063915252685546875
0.004433631896972656
0.006941556930541992
0.006922483444213867
0.006529331207275391
0.007152557373046875
0.0050563812255859375
0.0040509700775146484
0.0063664913177490234
0.006577730178833008
0.007006406784057617
0.006603240966796875
0.007025480270385742
0.006457805633544922
0.006997108459472656
0.00645756721496582
0.006142139434814453
0.006302356719970703
0.006846189498901367
0.00791621208190918
0.006962299346923828
0.0065882205963134766
0.00733494758605957
0.002938508987426758
0.00681757926940918
0.006072521209716797
0.003013134002685547
0.006264686584472656
0.006917715072631836
0.006366252899169922
0.006949663162231445
0.006609439849853516
0.006651163101196289
0.006646633148193359
0.0068492889404296875
0.0064544677734375
0.00667262077331543
0.006476879119873047
0.008588552474975586
0.007033109664916992
0.0041849613189697266
0.006830453872680664
0.006695747375488281
0.003908395767211914
0.006486415863037109
0.006792306900024414
0.005257844924926758
0.006429433822631836
0.005716800689697266
0.006533622741699219
0.0065381526947021484
0.006695747375488281
0.005985736846923828
0.006536722183227539
0.00623011589050293
0.005629777908325195
0.0064733028411865234
0.0057833194732666016
0.005648612976074219
0.005982160568237305
0.006456851959228516
0.00622105598449707
0.0051860809326171875
0.006596088409423828
0.006579160690307617
0.006557941436767578
0.006864786148071289
0.006351947784423828
0.00658726692199707
0.006535530090332031
0.006167173385620117
0.0032553672790527344
0.007735013961791992
0.006171464920043945
0.0067598819732666016
0.004973411560058594
0.0066072940826416016
0.006719112396240234
0.005201816558837891
0.006508350372314453
0.006921529769897461
0.006522178649902344
0.0069196224212646484
0.007422685623168945
0.006590127944946289
0.0065691471099853516
0.006888151168823242
0.0067865848541259766
0.006648540496826172
0.0077822208404541016
0.006538867950439453
0.005795955657958984
0.006413459777832031
0.006535053253173828
0.005336284637451172
0.0067708492279052734
0.0037412643432617188
0.008399009704589844
0.006932735443115234
0.0066683292388916016
0.005919694900512695
0.0063550472259521484
0.006915569305419922
0.006463766098022461
0.005430459976196289
0.005212545394897461
0.0069103240966796875
0.006815910339355469
0.005636930465698242
0.006475210189819336
0.005548715591430664
0.006402492523193359
0.006514787673950195
0.0067729949951171875
0.006725788116455078
0.0064966678619384766
0.004141330718994141
0.004723072052001953
0.006539106369018555
0.006422519683837891
0.003390789031982422
0.006571769714355469
0.006939411163330078
0.005706071853637695
0.006422281265258789
0.0066454410552978516
0.0034089088439941406
0.006680727005004883
0.006051301956176758
0.0064640045166015625
0.0069141387939453125
0.006839752197265625
0.006443023681640625
0.0059282779693603516
0.006866931915283203
0.007248878479003906
0.006919384002685547
0.009029388427734375
0.006460428237915039
0.006634950637817383
0.006674289703369141
0.006666898727416992
0.007073640823364258
0.006841421127319336
0.0064470767974853516
0.006979703903198242
0.005551815032958984
0.005983114242553711
0.006802558898925781
0.006356477737426758
0.0064623355865478516
0.0062258243560791016
0.006813764572143555
0.007496356964111328
0.005928993225097656
0.0067424774169921875
0.0069637298583984375
0.006161212921142578
0.006666898727416992
0.005652427673339844
0.006802558898925781
0.005934238433837891
0.006869316101074219
0.006404876708984375
0.006868839263916016
0.006647586822509766
0.0068662166595458984
0.006441593170166016
0.006896495819091797
0.006672859191894531
0.006676435470581055
0.006251096725463867
0.0061533451080322266
0.006594657897949219
0.006422519683837891
0.007040739059448242
0.007813453674316406
0.00589752197265625
0.0066204071044921875
0.006552219390869141
0.006783485412597656
0.007098674774169922
0.00710296630859375
0.0063631534576416016
0.006974458694458008
0.005939960479736328
0.006242990493774414
0.006548881530761719
0.006443977355957031
0.006585359573364258
0.006627321243286133
0.006858110427856445
0.007673740386962891
0.006617546081542969
0.003545522689819336
0.006472349166870117
0.006533384323120117
0.005626201629638672
0.005719184875488281
0.006792306900024414
0.006827116012573242
0.005545854568481445
0.008080720901489258
0.0065724849700927734
0.005120992660522461
0.006794452667236328
0.0069921016693115234
0.0032587051391601562
0.006796121597290039
0.0065343379974365234
0.00793910026550293
0.006875514984130859
0.006516695022583008
0.0068624019622802734
0.006888866424560547
0.006812095642089844
0.0062901973724365234
0.006407976150512695
0.007081270217895508
0.006876230239868164
0.005652427673339844
0.00595545768737793
0.00695347785949707
0.006818294525146484
0.007181882858276367
0.006711006164550781
0.006475210189819336
0.006538867950439453
0.006869316101074219
0.006862640380859375
0.008281707763671875
0.006711721420288086
0.005303859710693359
0.006543636322021484
0.006442546844482422
0.006884574890136719
0.0059659481048583984
0.006834506988525391
0.0070896148681640625
0.0068492889404296875
0.006888389587402344
0.003304719924926758
0.006867408752441406
0.006520986557006836
0.006879329681396484
0.006493568420410156
0.005918264389038086
0.005910396575927734
0.007039070129394531
0.007888317108154297
0.006415128707885742
0.007176637649536133
0.0057981014251708984
0.006494283676147461
0.006364583969116211
0.0058863162994384766
0.006570100784301758
0.00542759895324707
0.004816770553588867
0.0061037540435791016
0.003012418746948242
0.006311655044555664
0.00589752197265625
0.0066683292388916016
0.0065195560455322266
0.006620168685913086
0.007120370864868164
0.006681919097900391
0.004691362380981445
0.006654977798461914
0.006727695465087891
0.006783246994018555
0.006760597229003906
0.006534576416015625
0.006610393524169922
0.0065495967864990234
0.006890773773193359
0.007344961166381836
0.003445863723754883
0.006745576858520508
0.006794452667236328
0.006303548812866211
0.006735563278198242
0.006505727767944336
0.008260011672973633
0.00650477409362793
0.006949663162231445
0.0032994747161865234
0.008806228637695312
0.006262063980102539
0.006819248199462891
0.006514787673950195
0.006905317306518555
0.0067937374114990234
0.006529092788696289
0.006814241409301758
0.006965160369873047
0.0065402984619140625
0.0057125091552734375
0.007603883743286133
0.00817561149597168
